[TriggerPoint]
1=8,28,32,46,50,58
2=0,4,8,28,32,46,50,58,62,74
3=0,4,14,28,50,58,62,74
4=0,10,14,28,32,58,62,78
5=0,10,14,28,32,58,62,78
6=0,10,32,58,62,78
7=0,10,14,28,42,58,62,78
8=0,10,14,38,42,58
9=14,38,42,58,62,78
10=4,38,62,78
11=4,38,42,78
12=4,38,42,78
13=4,38,42,78
14=4,12,26,38,54,64
15=4,12,16,22,42,50,54,64,68,78
16=4,12,16,50,68,78
17=4,12,16,56,60,78
18=4,12,16,56,60,78
19=16,56,60,78
20=0,12,26,42,60,78
21=0,22,26,42,46,56
22=0,22,26,42,46,62,66,74
23=0,22,26,42,46,62,66,74
24=0,22,46,62,66,74
25=0,22,26,32,36,42,46,62,66,74
26=0,22,26,32,36,42,46,62,66,74
27=26,32,36,42,46,62,66,74
28=4,32,66,74