[TriggerPoint]
1=8,10,12,14,16,18,20,22,24,26,28,32,34,36,38,40,42,44,46,50,52,54,56,58
2=2,4,8,10,12,14,16,18,20,22,24,26,28,32,34,36,38,40,42,44,46,50,52,54,56,58,62,64,66,68,70,72,74
3=2,4,14,16,18,20,22,24,26,28,50,52,54,56,58,62,64,66,68,70,72,74
4=2,4,6,8,10,14,16,18,20,22,24,26,28,32,34,36,38,40,42,44,46,48,50,52,54,56,58,62,64,66,68,70,72,74,76
5=2,4,6,8,10,14,16,18,20,22,24,26,28,32,34,36,38,40,42,44,46,48,50,52,54,56,58,62,64,66,68,70,72,74,76
6=2,4,6,8,10,32,34,36,38,40,42,44,46,48,50,52,54,56,58,62,64,66,68,70,72,74,76,78
7=2,4,6,8,10,14,16,18,20,22,24,26,28,42,44,46,48,50,52,54,56,58,62,64,66,68,70,72,74,76,78
8=2,4,6,8,10,14,16,18,20,22,24,26,28,30,32,34,36,38,42,44,46,48,50,52,54,56,58
9=14,16,18,20,22,24,26,28,30,32,34,36,38,42,44,46,48,50,52,54,56,58,62,64,66,68,70,72,74,76,78
10=4,6,8,10,12,14,16,18,20,22,24,26,28,30,32,34,36,38,62,64,66,68,70,72,74,76,78
11=4,6,8,10,12,14,16,18,20,22,24,26,28,30,32,34,36,38,42,44,46,48,50,52,54,56,58,60,62,64,66,68,70,72,74,76
12=4,6,8,10,12,14,16,18,20,22,24,26,28,30,32,34,36,38,42,44,46,48,50,52,54,56,58,60,62,64,66,68,70,72,74,76
13=4,6,8,10,12,14,16,18,20,22,24,26,28,30,32,34,36,38,42,44,46,48,50,52,54,56,58,60,62,64,66,68,70,72,74,76
14=4,6,8,10,12,26,28,30,32,34,36,38,54,56,58,60,62,64
15=4,6,8,10,12,16,18,20,22,42,44,46,48,50,54,56,58,60,62,64,68,70,72,74,76,78
16=4,6,8,10,12,16,18,20,22,24,26,28,30,32,34,36,38,40,42,44,46,48,50,68,70,72,74,76,78
17=4,6,8,10,12,16,18,20,22,24,26,28,30,32,34,36,38,40,42,44,46,48,50,52,54,56,60,62,64,66,68,70,72,74,76
18=4,6,8,10,12,16,18,20,22,24,26,28,30,32,34,36,38,40,42,44,46,48,50,52,54,56,60,62,64,66,68,70,72,74,76
19=16,18,20,22,24,26,28,30,32,34,36,38,40,42,44,46,48,50,52,54,56,60,62,64,66,68,70,72,74,76
20=2,4,6,8,10,12,26,28,30,32,34,36,38,40,42,60,62,64,66,68,70,72,74,76
21=2,4,6,8,10,12,14,16,18,20,22,26,28,30,32,34,36,38,40,42,46,48,50,52,54,56
22=2,4,6,8,10,12,14,16,18,20,22,26,28,30,32,34,36,38,40,42,46,48,50,52,54,56,58,60,62,66,68,70,72,74
23=2,4,6,8,10,12,14,16,18,20,22,26,28,30,32,34,36,38,40,42,46,48,50,52,54,56,58,60,62,66,68,70,72,74
24=2,4,6,8,10,12,14,16,18,20,22,46,48,50,52,54,56,58,60,62,66,68,70,72,74
25=2,4,6,8,10,12,14,16,18,20,22,26,28,30,32,36,38,40,42,46,48,50,52,54,56,58,60,62,66,68,70,72,74
26=2,4,6,8,10,12,14,16,18,20,22,26,28,30,32,36,38,40,42,46,48,50,52,54,56,58,60,62,66,68,70,72,74
27=26,28,30,32,36,38,40,42,46,48,50,52,54,56,58,60,62,66,68,70,72,74
28=4,6,8,10,12,14,16,18,20,22,24,26,28,30,32,66,68,70,72,74